1200
1230
1260
1290
1320
1350
1380
1410
1440
1470
1500
1230
1300
1300
1999
1771
1925
1631
1950
1961
1733
1937
1878
1856
1997
1781
1630
1854
1944
1809
2194
1917
1970
1964
2083
1881
2155
2115
1812
1879
2097
1848
1911
2000
2100
2200
2300
2400
2500
2400
2350
2300
2400
2886
2779
2895
2810
2892
3034
3233
2933
2715
2709
3493
3450
2612
2977
2746
3800
3800
3800
200
200
200
200
200
200
200
200
200
200
200
400
450
350
447
493
304
392
351
428
398
436
439
341
348
489
346
344
318
484
379
337
436
311
404
397
372
304
311
321
391
422
364
0
0
0
0
0
0
200
500
300
250
126
266
243
432
338
419
386
361
133
464
256
188
368
245
442
200
400
600